,pixel_0,pixel_1,pixel_2,pixel_3,pixel_4,pixel_5,pixel_6,pixel_7,pixel_8,pixel_9,pixel_10,pixel_11,pixel_12,pixel_13,pixel_14,pixel_15,pixel_16,pixel_17,pixel_18,pixel_19,pixel_20,pixel_21,pixel_22,pixel_23,pixel_24,pixel_25,pixel_26,pixel_27,pixel_28,pixel_29,pixel_30,pixel_31,pixel_32,pixel_33,pixel_34,pixel_35,pixel_36,pixel_37,pixel_38,pixel_39,pixel_40,pixel_41,pixel_42,pixel_43,pixel_44,pixel_45,pixel_46,pixel_47,pixel_48,pixel_49,pixel_50,pixel_51,pixel_52,pixel_53,pixel_54,pixel_55,pixel_56,pixel_57,pixel_58,pixel_59,pixel_60,pixel_61,pixel_62,pixel_63,pixel_64,pixel_65,pixel_66,pixel_67,pixel_68,pixel_69,pixel_70,pixel_71,pixel_72,pixel_73,pixel_74,pixel_75,pixel_76,pixel_77,pixel_78,pixel_79,pixel_80,pixel_81,pixel_82,pixel_83,pixel_84,pixel_85,pixel_86,pixel_87,pixel_88,pixel_89,pixel_90,pixel_91,pixel_92,pixel_93,pixel_94,pixel_95,pixel_96,pixel_97,pixel_98,pixel_99,pixel_100,pixel_101,pixel_102,pixel_103,pixel_104,pixel_105,pixel_106,pixel_107,pixel_108,pixel_109,pixel_110,pixel_111,pixel_112,pixel_113,pixel_114,pixel_115,pixel_116,pixel_117,pixel_118,pixel_119,pixel_120,pixel_121,pixel_122,pixel_123,pixel_124,pixel_125,pixel_126,pixel_127,pixel_128,pixel_129,pixel_130,pixel_131,pixel_132,pixel_133,pixel_134,pixel_135,pixel_136,pixel_137,pixel_138,pixel_139,pixel_140,pixel_141,pixel_142,pixel_143,pixel_144,pixel_145,pixel_146,pixel_147,pixel_148,pixel_149,pixel_150,pixel_151,pixel_152,pixel_153,pixel_154,pixel_155,pixel_156,pixel_157,pixel_158,pixel_159,pixel_160,pixel_161,pixel_162,pixel_163,pixel_164,pixel_165,pixel_166,pixel_167,pixel_168,pixel_169,pixel_170,pixel_171,pixel_172,pixel_173,pixel_174,pixel_175,pixel_176,pixel_177,pixel_178,pixel_179,pixel_180,pixel_181,pixel_182,pixel_183,pixel_184,pixel_185,pixel_186,pixel_187,pixel_188,pixel_189,pixel_190,pixel_191,pixel_192,pixel_193,pixel_194,pixel_195,pixel_196,pixel_197,pixel_198,pixel_199,pixel_200,pixel_201,pixel_202,pixel_203,pixel_204,pixel_205,pixel_206,pixel_207,pixel_208,pixel_209,pixel_210,pixel_211,pixel_212,pixel_213,pixel_214,pixel_215,pixel_216,pixel_217,pixel_218,pixel_219,pixel_220,pixel_221,pixel_222,pixel_223,pixel_224,pixel_225,pixel_226,pixel_227,pixel_228,pixel_229,pixel_230,pixel_231,pixel_232,pixel_233,pixel_234,pixel_235,pixel_236,pixel_237,pixel_238,pixel_239,pixel_240,pixel_241,pixel_242,pixel_243,pixel_244,pixel_245,pixel_246,pixel_247,pixel_248,pixel_249,pixel_250,pixel_251,pixel_252,pixel_253,pixel_254,pixel_255,pixel_256,pixel_257,pixel_258,pixel_259,pixel_260,pixel_261,pixel_262,pixel_263,pixel_264,pixel_265,pixel_266,pixel_267,pixel_268,pixel_269,pixel_270,pixel_271,pixel_272,pixel_273,pixel_274,pixel_275,pixel_276,pixel_277,pixel_278,pixel_279,pixel_280,pixel_281,pixel_282,pixel_283,pixel_284,pixel_285,pixel_286,pixel_287,pixel_288,pixel_289,pixel_290,pixel_291,pixel_292,pixel_293,pixel_294,pixel_295,pixel_296,pixel_297,pixel_298,pixel_299,pixel_300,pixel_301,pixel_302,pixel_303,pixel_304,pixel_305,pixel_306,pixel_307,pixel_308,pixel_309,pixel_310,pixel_311,pixel_312,pixel_313,pixel_314,pixel_315,pixel_316,pixel_317,pixel_318,pixel_319,pixel_320,pixel_321,pixel_322,pixel_323,pixel_324,pixel_325,pixel_326,pixel_327,pixel_328,pixel_329,pixel_330,pixel_331,pixel_332,pixel_333,pixel_334,pixel_335,pixel_336,pixel_337,pixel_338,pixel_339,pixel_340,pixel_341,pixel_342,pixel_343,pixel_344,pixel_345,pixel_346,pixel_347,pixel_348,pixel_349,pixel_350,pixel_351,pixel_352,pixel_353,pixel_354,pixel_355,pixel_356,pixel_357,pixel_358,pixel_359,pixel_360,pixel_361,pixel_362,pixel_363,pixel_364,pixel_365,pixel_366,pixel_367,pixel_368,pixel_369,pixel_370,pixel_371,pixel_372,pixel_373,pixel_374,pixel_375,pixel_376,pixel_377,pixel_378,pixel_379,pixel_380,pixel_381,pixel_382,pixel_383,pixel_384,pixel_385,pixel_386,pixel_387,pixel_388,pixel_389,pixel_390,pixel_391,pixel_392,pixel_393,pixel_394,pixel_395,pixel_396,pixel_397,pixel_398,pixel_399,pixel_400,pixel_401,pixel_402,pixel_403,pixel_404,pixel_405,pixel_406,pixel_407,pixel_408,pixel_409,pixel_410,pixel_411,pixel_412,pixel_413,pixel_414,pixel_415,pixel_416,pixel_417,pixel_418,pixel_419,pixel_420,pixel_421,pixel_422,pixel_423,pixel_424,pixel_425,pixel_426,pixel_427,pixel_428,pixel_429,pixel_430,pixel_431,pixel_432,pixel_433,pixel_434,pixel_435,pixel_436,pixel_437,pixel_438,pixel_439,pixel_440,pixel_441,pixel_442,pixel_443,pixel_444,pixel_445,pixel_446,pixel_447,pixel_448,pixel_449,pixel_450,pixel_451,pixel_452,pixel_453,pixel_454,pixel_455,pixel_456,pixel_457,pixel_458,pixel_459,pixel_460,pixel_461,pixel_462,pixel_463,pixel_464,pixel_465,pixel_466,pixel_467,pixel_468,pixel_469,pixel_470,pixel_471,pixel_472,pixel_473,pixel_474,pixel_475,pixel_476,pixel_477,pixel_478,pixel_479,pixel_480,pixel_481,pixel_482,pixel_483,pixel_484,pixel_485,pixel_486,pixel_487,pixel_488,pixel_489,pixel_490,pixel_491,pixel_492,pixel_493,pixel_494,pixel_495,pixel_496,pixel_497,pixel_498,pixel_499,pixel_500,pixel_501,pixel_502,pixel_503,pixel_504,pixel_505,pixel_506,pixel_507,pixel_508,pixel_509,pixel_510,pixel_511,pixel_512,pixel_513,pixel_514,pixel_515,pixel_516,pixel_517,pixel_518,pixel_519,pixel_520,pixel_521,pixel_522,pixel_523,pixel_524,pixel_525,pixel_526,pixel_527,pixel_528,pixel_529,pixel_530,pixel_531,pixel_532,pixel_533,pixel_534,pixel_535,pixel_536,pixel_537,pixel_538,pixel_539,pixel_540,pixel_541,pixel_542,pixel_543,pixel_544,pixel_545,pixel_546,pixel_547,pixel_548,pixel_549,pixel_550,pixel_551,pixel_552,pixel_553,pixel_554,pixel_555,pixel_556,pixel_557,pixel_558,pixel_559,pixel_560,pixel_561,pixel_562,pixel_563,pixel_564,pixel_565,pixel_566,pixel_567,pixel_568,pixel_569,pixel_570,pixel_571,pixel_572,pixel_573,pixel_574,pixel_575,pixel_576,pixel_577,pixel_578,pixel_579,pixel_580,pixel_581,pixel_582,pixel_583,pixel_584,pixel_585,pixel_586,pixel_587,pixel_588,pixel_589,pixel_590,pixel_591,pixel_592,pixel_593,pixel_594,pixel_595,pixel_596,pixel_597,pixel_598,pixel_599,pixel_600,pixel_601,pixel_602,pixel_603,pixel_604,pixel_605,pixel_606,pixel_607,pixel_608,pixel_609,pixel_610,pixel_611,pixel_612,pixel_613,pixel_614,pixel_615,pixel_616,pixel_617,pixel_618,pixel_619,pixel_620,pixel_621,pixel_622,pixel_623,pixel_624,pixel_625,pixel_626,pixel_627,pixel_628,pixel_629,pixel_630,pixel_631,pixel_632,pixel_633,pixel_634,pixel_635,pixel_636,pixel_637,pixel_638,pixel_639,pixel_640,pixel_641,pixel_642,pixel_643,pixel_644,pixel_645,pixel_646,pixel_647,pixel_648,pixel_649,pixel_650,pixel_651,pixel_652,pixel_653,pixel_654,pixel_655,pixel_656,pixel_657,pixel_658,pixel_659,pixel_660,pixel_661,pixel_662,pixel_663,pixel_664,pixel_665,pixel_666,pixel_667,pixel_668,pixel_669,pixel_670,pixel_671,pixel_672,pixel_673,pixel_674,pixel_675,pixel_676,pixel_677,pixel_678,pixel_679,pixel_680,pixel_681,pixel_682,pixel_683,pixel_684,pixel_685,pixel_686,pixel_687,pixel_688,pixel_689,pixel_690,pixel_691,pixel_692,pixel_693,pixel_694,pixel_695,pixel_696,pixel_697,pixel_698,pixel_699,pixel_700,pixel_701,pixel_702,pixel_703,pixel_704,pixel_705,pixel_706,pixel_707,pixel_708,pixel_709,pixel_710,pixel_711,pixel_712,pixel_713,pixel_714,pixel_715,pixel_716,pixel_717,pixel_718,pixel_719,pixel_720,pixel_721,pixel_722,pixel_723,pixel_724,pixel_725,pixel_726,pixel_727,pixel_728,pixel_729,pixel_730,pixel_731,pixel_732,pixel_733,pixel_734,pixel_735,pixel_736,pixel_737,pixel_738,pixel_739,pixel_740,pixel_741,pixel_742,pixel_743,pixel_744,pixel_745,pixel_746,pixel_747,pixel_748,pixel_749,pixel_750,pixel_751,pixel_752,pixel_753,pixel_754,pixel_755,pixel_756,pixel_757,pixel_758,pixel_759,pixel_760,pixel_761,pixel_762,pixel_763,pixel_764,pixel_765,pixel_766,pixel_767,pixel_768,pixel_769,pixel_770,pixel_771,pixel_772,pixel_773,pixel_774,pixel_775,pixel_776,pixel_777,pixel_778,pixel_779,pixel_780,pixel_781,pixel_782,pixel_783
error_lowerbound_dirtycells,-1.0,-1.0,-1.0,-1.0,-1.0,-1.0,-1.0,-1.0,-1.0,-1.0,-1.0,-1.0,-1.0,-1.0,-1.0,3.9568427202298084e-13,-1.0,-1.0,-1.0,-1.0,4.445524784866299e-29,-1.0,-1.0,-1.0,-1.0,-1.0,-1.0,-1.0,-1.0,-1.0,-1.0,-1.0,-1.0,-1.0,-1.0,-1.0,-1.0,-1.0,-1.0,-1.0,-1.0,-1.0,0.005725182592868805,-1.0,-1.0,-1.0,-1.0,-1.0,0.002746331039816141,-1.0,-1.0,-1.0,-1.0,-1.0,-1.0,-1.0,-1.0,-1.0,-1.0,-1.0,-1.0,-1.0,-1.0,-1.0,-1.0,-1.0,-1.0,-1.0,-1.0,0.009661481715738773,-1.0,-1.0,-1.0,-1.0,-1.0,-1.0,0.00801075529307127,-1.0,-1.0,-1.0,-1.0,-1.0,-1.0,-1.0,-1.0,-1.0,-1.0,-1.0,-1.0,-1.0,-1.0,-1.0,-1.0,-1.0,-1.0,-1.0,0.025445370003581047,-1.0,-1.0,-1.0,-1.0,-1.0,-1.0,-1.0,0.009182958863675594,-1.0,-1.0,-1.0,-1.0,-1.0,-1.0,-1.0,-1.0,-1.0,-1.0,-1.0,-1.0,-1.0,-1.0,-1.0,-1.0,-1.0,-1.0,0.03552062436938286,-1.0,-1.0,-1.0,-1.0,-1.0,-1.0,-1.0,-1.0,0.01292672473937273,-1.0,-1.0,-1.0,-1.0,-1.0,-1.0,-1.0,-1.0,-1.0,-1.0,-1.0,-1.0,-1.0,-1.0,-1.0,-1.0,-1.0,0.018777981400489807,-1.0,-1.0,-1.0,-1.0,-1.0,-1.0,-1.0,-1.0,-1.0,0.0020623751915991306,-1.0,-1.0,-1.0,-1.0,-1.0,-1.0,-1.0,-1.0,-1.0,-1.0,-1.0,-1.0,-1.0,-1.0,-1.0,-1.0,0.019615864381194115,-1.0,-1.0,-1.0,-1.0,-1.0,-1.0,-1.0,-1.0,-1.0,-1.0,0.009058128111064434,-1.0,-1.0,-1.0,-1.0,-1.0,-1.0,-1.0,-1.0,-1.0,-1.0,-1.0,-1.0,-1.0,-1.0,-1.0,0.025424662977457047,-1.0,-1.0,-1.0,-1.0,-1.0,-1.0,-1.0,-1.0,-1.0,-1.0,-1.0,0.0010036109015345573,-1.0,-1.0,-1.0,-1.0,-1.0,-1.0,-1.0,-1.0,-1.0,-1.0,-1.0,-1.0,-1.0,-1.0,0.007940434850752354,-1.0,-1.0,-1.0,-1.0,-1.0,-1.0,-1.0,-1.0,-1.0,-1.0,-1.0,-1.0,0.007951541803777218,-1.0,-1.0,-1.0,-1.0,-1.0,-1.0,-1.0,-1.0,-1.0,-1.0,-1.0,-1.0,-1.0,0.017366722226142883,-1.0,-1.0,-1.0,-1.0,-1.0,-1.0,-1.0,-1.0,-1.0,-1.0,-1.0,-1.0,-1.0,0.0038396748714149,-1.0,-1.0,-1.0,-1.0,-1.0,-1.0,-1.0,-1.0,-1.0,-1.0,-1.0,-1.0,0.0204324908554554,-1.0,-1.0,-1.0,-1.0,-1.0,-1.0,-1.0,-1.0,-1.0,-1.0,-1.0,-1.0,-1.0,-1.0,0.01897546835243702,-1.0,-1.0,-1.0,-1.0,-1.0,-1.0,-1.0,-1.0,-1.0,-1.0,-1.0,0.011775891296565533,-1.0,-1.0,-1.0,-1.0,-1.0,-1.0,-1.0,-1.0,-1.0,-1.0,-1.0,-1.0,-1.0,-1.0,-1.0,0.0017325521912425756,-1.0,-1.0,-1.0,-1.0,-1.0,-1.0,1.3038095603157274e-10,-1.0,-1.0,-1.0,0.009546278044581413,-1.0,-1.0,-1.0,-1.0,-1.0,-1.0,-1.0,-1.0,-1.0,-1.0,-1.0,-1.0,-1.0,-1.0,-1.0,-1.0,0.001616891473531723,-1.0,-1.0,-1.0,-1.0,-1.0,0.0004488988488446921,-1.0,-1.0,-1.0,0.00028093118453398347,-1.0,-1.0,-1.0,-1.0,-1.0,-1.0,-1.0,-1.0,-1.0,-1.0,-1.0,-1.0,-1.0,-1.0,-1.0,-1.0,-1.0,0.0203607976436615,-1.0,-1.0,-1.0,-1.0,0.0007671213825233281,-1.0,-1.0,-1.0,0.0002189567021559924,-1.0,-1.0,-1.0,-1.0,-1.0,-1.0,-1.0,-1.0,-1.0,-1.0,-1.0,-1.0,-1.0,-1.0,-1.0,-1.0,-1.0,-1.0,0.014826861210167408,-1.0,-1.0,-1.0,0.0001976015482796356,-1.0,-1.0,-1.0,8.190513156591805e-09,1.5914392861304805e-05,0.0004829122917726636,0.0007364858174696565,0.0006603949586860836,0.009414663538336754,0.005215147510170937,0.020876675844192505,0.004918977618217468,0.013868940994143486,0.001863851328380406,0.012169181369245052,0.003951653838157654,0.018681975081562996,0.011957860551774502,0.022799264639616013,0.03279285505414009,0.030754057690501213,0.019476693123579025,0.010920952074229717,0.006141222547739744,0.005455693230032921,0.018647918477654457,0.0009071604581549764,0.005208123475313187,0.006189996842294931,0.0020937826484441757,4.4684270389741543e-13,-1.0,-1.0,-1.0,-1.0,-1.0,-1.0,-1.0,-1.0,-1.0,-1.0,-1.0,-1.0,-1.0,-1.0,-1.0,-1.0,-1.0,-1.0,-1.0,-1.0,0.008332879282534122,-1.0,0.0002732703578658402,-1.0,-1.0,-1.0,-1.0,-1.0,-1.0,-1.0,-1.0,-1.0,-1.0,-1.0,-1.0,-1.0,-1.0,-1.0,-1.0,-1.0,-1.0,-1.0,-1.0,-1.0,-1.0,-1.0,-1.0,-1.0,0.002026586327701807,0.0012214788002893329,-1.0,-1.0,-1.0,-1.0,-1.0,-1.0,-1.0,-1.0,-1.0,-1.0,-1.0,-1.0,-1.0,-1.0,-1.0,-1.0,-1.0,-1.0,-1.0,-1.0,-1.0,-1.0,-1.0,-1.0,-1.0,-1.0,0.006208098027855158,-1.0,-1.0,-1.0,-1.0,-1.0,-1.0,-1.0,-1.0,-1.0,-1.0,-1.0,-1.0,-1.0,-1.0,-1.0,-1.0,-1.0,-1.0,-1.0,-1.0,-1.0,-1.0,-1.0,-1.0,-1.0,-1.0,0.008442818187177181,0.010246139019727707,-1.0,-1.0,-1.0,-1.0,-1.0,-1.0,-1.0,-1.0,-1.0,-1.0,-1.0,-1.0,-1.0,-1.0,-1.0,-1.0,-1.0,-1.0,-1.0,-1.0,-1.0,-1.0,-1.0,-1.0,-1.0,0.021034177392721176,-1.0,0.005621249321848154,-1.0,-1.0,-1.0,-1.0,-1.0,-1.0,-1.0,-1.0,-1.0,-1.0,-1.0,-1.0,-1.0,-1.0,-1.0,-1.0,-1.0,-1.0,-1.0,-1.0,-1.0,-1.0,-1.0,-1.0,0.011128376238048077,-1.0,-1.0,0.01190245896577835,-1.0,-1.0,-1.0,-1.0,-1.0,-1.0,-1.0,-1.0,-1.0,-1.0,-1.0,-1.0,-1.0,-1.0,-1.0,-1.0,-1.0,-1.0,-1.0,-1.0,-1.0,-1.0,-1.0,0.020609935745596886,-1.0,-1.0,-1.0,0.009779932908713818,-1.0,-1.0,-1.0,-1.0,-1.0,-1.0,-1.0,-1.0,-1.0,-1.0,-1.0,-1.0,-1.0,-1.0,-1.0,-1.0,-1.0,-1.0,-1.0,-1.0,-1.0,-1.0,0.00761960307136178,-1.0,-1.0,-1.0,-1.0,0.006588024087250233,-1.0,-1.0,-1.0,-1.0,-1.0,-1.0,-1.0,-1.0,-1.0,-1.0,-1.0,-1.0,-1.0,-1.0,-1.0,-1.0,-1.0,-1.0,-1.0,-1.0,-1.0,0.004758339375257492,-1.0,-1.0,-1.0,-1.0,-1.0,0.007743866648525,-1.0,-1.0,-1.0,-1.0,-1.0,-1.0,-1.0,-1.0,-1.0,-1.0,-1.0,-1.0,-1.0,-1.0,-1.0,-1.0,-1.0,-1.0,-1.0,-1.0,0.000508353637997061,-1.0,-1.0,-1.0,-1.0,-1.0,-1.0,0.0037450173404067755,-1.0,-1.0,-1.0,-1.0,-1.0,-1.0,-1.0,-1.0,-1.0,-1.0,-1.0,-1.0,-1.0,-1.0,-1.0,-1.0,-1.0,-1.0,-1.0,0.00019277227693237364,-1.0,-1.0,-1.0,-1.0,-1.0,-1.0,-1.0,0.0002135273243766278,-1.0,-1.0,-1.0,-1.0,-1.0,-1.0,-1.0,-1.0,-1.0,-1.0,-1.0,-1.0,-1.0,-1.0,-1.0,-1.0,-1.0,-1.0,1.1538290461965417e-10,-1.0,-1.0,-1.0,-1.0,-1.0,-1.0,-1.0,-1.0,5.946942334247294e-28,-1.0,-1.0,-1.0,-1.0,-1.0,-1.0,-1.0
error_repair_dirtycells,-1.0,-1.0,-1.0,-1.0,-1.0,-1.0,-1.0,-1.0,-1.0,-1.0,-1.0,-1.0,-1.0,-1.0,-1.0,1.521899061851864e-13,-1.0,-1.0,-1.0,-1.0,3.2919776094665193e-29,-1.0,-1.0,-1.0,-1.0,-1.0,-1.0,-1.0,-1.0,-1.0,-1.0,-1.0,-1.0,-1.0,-1.0,-1.0,-1.0,-1.0,-1.0,-1.0,-1.0,-1.0,0.008156669326126575,-1.0,-1.0,-1.0,-1.0,-1.0,0.0026891708839684725,-1.0,-1.0,-1.0,-1.0,-1.0,-1.0,-1.0,-1.0,-1.0,-1.0,-1.0,-1.0,-1.0,-1.0,-1.0,-1.0,-1.0,-1.0,-1.0,-1.0,0.008853589184582233,-1.0,-1.0,-1.0,-1.0,-1.0,-1.0,0.00783573929220438,-1.0,-1.0,-1.0,-1.0,-1.0,-1.0,-1.0,-1.0,-1.0,-1.0,-1.0,-1.0,-1.0,-1.0,-1.0,-1.0,-1.0,-1.0,-1.0,0.02819361351430416,-1.0,-1.0,-1.0,-1.0,-1.0,-1.0,-1.0,0.008369823917746544,-1.0,-1.0,-1.0,-1.0,-1.0,-1.0,-1.0,-1.0,-1.0,-1.0,-1.0,-1.0,-1.0,-1.0,-1.0,-1.0,-1.0,-1.0,0.035388488322496414,-1.0,-1.0,-1.0,-1.0,-1.0,-1.0,-1.0,-1.0,0.008872919715940952,-1.0,-1.0,-1.0,-1.0,-1.0,-1.0,-1.0,-1.0,-1.0,-1.0,-1.0,-1.0,-1.0,-1.0,-1.0,-1.0,-1.0,0.021583836525678635,-1.0,-1.0,-1.0,-1.0,-1.0,-1.0,-1.0,-1.0,-1.0,4.137669748160988e-05,-1.0,-1.0,-1.0,-1.0,-1.0,-1.0,-1.0,-1.0,-1.0,-1.0,-1.0,-1.0,-1.0,-1.0,-1.0,-1.0,0.011732510291039944,-1.0,-1.0,-1.0,-1.0,-1.0,-1.0,-1.0,-1.0,-1.0,-1.0,0.0021915072575211525,-1.0,-1.0,-1.0,-1.0,-1.0,-1.0,-1.0,-1.0,-1.0,-1.0,-1.0,-1.0,-1.0,-1.0,-1.0,0.017436984926462173,-1.0,-1.0,-1.0,-1.0,-1.0,-1.0,-1.0,-1.0,-1.0,-1.0,-1.0,0.0026258782017976046,-1.0,-1.0,-1.0,-1.0,-1.0,-1.0,-1.0,-1.0,-1.0,-1.0,-1.0,-1.0,-1.0,-1.0,0.014575930312275887,-1.0,-1.0,-1.0,-1.0,-1.0,-1.0,-1.0,-1.0,-1.0,-1.0,-1.0,-1.0,0.000785642652772367,-1.0,-1.0,-1.0,-1.0,-1.0,-1.0,-1.0,-1.0,-1.0,-1.0,-1.0,-1.0,-1.0,0.023575559258461,-1.0,-1.0,-1.0,-1.0,-1.0,-1.0,-1.0,-1.0,-1.0,-1.0,-1.0,-1.0,-1.0,0.004984934814274311,-1.0,-1.0,-1.0,-1.0,-1.0,-1.0,-1.0,-1.0,-1.0,-1.0,-1.0,-1.0,0.02623976208269596,-1.0,-1.0,-1.0,-1.0,-1.0,-1.0,-1.0,-1.0,-1.0,-1.0,-1.0,-1.0,-1.0,-1.0,0.006990685127675533,-1.0,-1.0,-1.0,-1.0,-1.0,-1.0,-1.0,-1.0,-1.0,-1.0,-1.0,0.0056711179204285145,-1.0,-1.0,-1.0,-1.0,-1.0,-1.0,-1.0,-1.0,-1.0,-1.0,-1.0,-1.0,-1.0,-1.0,-1.0,0.007417407818138599,-1.0,-1.0,-1.0,-1.0,-1.0,-1.0,1.1330726938305058e-12,-1.0,-1.0,-1.0,0.0022024770732969046,-1.0,-1.0,-1.0,-1.0,-1.0,-1.0,-1.0,-1.0,-1.0,-1.0,-1.0,-1.0,-1.0,-1.0,-1.0,-1.0,0.006937885191291571,-1.0,-1.0,-1.0,-1.0,-1.0,5.326860991772264e-05,-1.0,-1.0,-1.0,0.00019778040586970747,-1.0,-1.0,-1.0,-1.0,-1.0,-1.0,-1.0,-1.0,-1.0,-1.0,-1.0,-1.0,-1.0,-1.0,-1.0,-1.0,-1.0,0.02367885783314705,-1.0,-1.0,-1.0,-1.0,0.0009074145345948637,-1.0,-1.0,-1.0,1.2827642876800383e-06,-1.0,-1.0,-1.0,-1.0,-1.0,-1.0,-1.0,-1.0,-1.0,-1.0,-1.0,-1.0,-1.0,-1.0,-1.0,-1.0,-1.0,-1.0,0.025592688471078873,-1.0,-1.0,-1.0,2.0887031496386044e-05,-1.0,-1.0,-1.0,4.055483504572521e-09,1.13149337721552e-06,5.8712914324132726e-05,3.337547241244465e-05,0.0010521706426516175,0.0069856056943535805,0.005540815182030201,0.03674456477165222,0.007622166071087122,0.018909137696027756,0.01210914459079504,0.016026416793465614,0.004738754592835903,0.015541485510766506,0.010037027299404144,0.022525718435645103,0.04516494646668434,0.03738858178257942,0.03808405622839928,0.019925082102417946,0.011049538850784302,0.0044917031191289425,0.009987233206629753,8.902970148483291e-05,0.0029259759467095137,0.002324062865227461,0.0006802616990171373,8.923265941527137e-15,-1.0,-1.0,-1.0,-1.0,-1.0,-1.0,-1.0,-1.0,-1.0,-1.0,-1.0,-1.0,-1.0,-1.0,-1.0,-1.0,-1.0,-1.0,-1.0,-1.0,0.018769806250929832,-1.0,2.5947224457922857e-06,-1.0,-1.0,-1.0,-1.0,-1.0,-1.0,-1.0,-1.0,-1.0,-1.0,-1.0,-1.0,-1.0,-1.0,-1.0,-1.0,-1.0,-1.0,-1.0,-1.0,-1.0,-1.0,-1.0,-1.0,-1.0,0.008517510257661343,3.881159136653878e-05,-1.0,-1.0,-1.0,-1.0,-1.0,-1.0,-1.0,-1.0,-1.0,-1.0,-1.0,-1.0,-1.0,-1.0,-1.0,-1.0,-1.0,-1.0,-1.0,-1.0,-1.0,-1.0,-1.0,-1.0,-1.0,-1.0,0.0047067916020751,-1.0,-1.0,-1.0,-1.0,-1.0,-1.0,-1.0,-1.0,-1.0,-1.0,-1.0,-1.0,-1.0,-1.0,-1.0,-1.0,-1.0,-1.0,-1.0,-1.0,-1.0,-1.0,-1.0,-1.0,-1.0,-1.0,0.003915672190487385,0.015769101679325104,-1.0,-1.0,-1.0,-1.0,-1.0,-1.0,-1.0,-1.0,-1.0,-1.0,-1.0,-1.0,-1.0,-1.0,-1.0,-1.0,-1.0,-1.0,-1.0,-1.0,-1.0,-1.0,-1.0,-1.0,-1.0,0.010983314365148544,-1.0,0.007450214587152004,-1.0,-1.0,-1.0,-1.0,-1.0,-1.0,-1.0,-1.0,-1.0,-1.0,-1.0,-1.0,-1.0,-1.0,-1.0,-1.0,-1.0,-1.0,-1.0,-1.0,-1.0,-1.0,-1.0,-1.0,0.0071667456068098545,-1.0,-1.0,0.028510233387351036,-1.0,-1.0,-1.0,-1.0,-1.0,-1.0,-1.0,-1.0,-1.0,-1.0,-1.0,-1.0,-1.0,-1.0,-1.0,-1.0,-1.0,-1.0,-1.0,-1.0,-1.0,-1.0,-1.0,0.021741725504398346,-1.0,-1.0,-1.0,0.016364561393857002,-1.0,-1.0,-1.0,-1.0,-1.0,-1.0,-1.0,-1.0,-1.0,-1.0,-1.0,-1.0,-1.0,-1.0,-1.0,-1.0,-1.0,-1.0,-1.0,-1.0,-1.0,-1.0,0.004678625613451004,-1.0,-1.0,-1.0,-1.0,0.017292365431785583,-1.0,-1.0,-1.0,-1.0,-1.0,-1.0,-1.0,-1.0,-1.0,-1.0,-1.0,-1.0,-1.0,-1.0,-1.0,-1.0,-1.0,-1.0,-1.0,-1.0,-1.0,0.0008542394498363137,-1.0,-1.0,-1.0,-1.0,-1.0,0.013889755122363567,-1.0,-1.0,-1.0,-1.0,-1.0,-1.0,-1.0,-1.0,-1.0,-1.0,-1.0,-1.0,-1.0,-1.0,-1.0,-1.0,-1.0,-1.0,-1.0,-1.0,4.0282280679093674e-05,-1.0,-1.0,-1.0,-1.0,-1.0,-1.0,0.008469323627650738,-1.0,-1.0,-1.0,-1.0,-1.0,-1.0,-1.0,-1.0,-1.0,-1.0,-1.0,-1.0,-1.0,-1.0,-1.0,-1.0,-1.0,-1.0,-1.0,5.3410909458762035e-05,-1.0,-1.0,-1.0,-1.0,-1.0,-1.0,-1.0,0.0021600360050797462,-1.0,-1.0,-1.0,-1.0,-1.0,-1.0,-1.0,-1.0,-1.0,-1.0,-1.0,-1.0,-1.0,-1.0,-1.0,-1.0,-1.0,-1.0,1.5826733370041812e-12,-1.0,-1.0,-1.0,-1.0,-1.0,-1.0,-1.0,-1.0,2.7100602841823465e-29,-1.0,-1.0,-1.0,-1.0,-1.0,-1.0,-1.0
error_upperbound_dirtycells,-1.0,-1.0,-1.0,-1.0,-1.0,-1.0,-1.0,-1.0,-1.0,-1.0,-1.0,-1.0,-1.0,-1.0,-1.0,1.0,-1.0,-1.0,-1.0,-1.0,1.0,-1.0,-1.0,-1.0,-1.0,-1.0,-1.0,-1.0,-1.0,-1.0,-1.0,-1.0,-1.0,-1.0,-1.0,-1.0,-1.0,-1.0,-1.0,-1.0,-1.0,-1.0,1.0,-1.0,-1.0,-1.0,-1.0,-1.0,1.0,-1.0,-1.0,-1.0,-1.0,-1.0,-1.0,-1.0,-1.0,-1.0,-1.0,-1.0,-1.0,-1.0,-1.0,-1.0,-1.0,-1.0,-1.0,-1.0,-1.0,1.0,-1.0,-1.0,-1.0,-1.0,-1.0,-1.0,1.0,-1.0,-1.0,-1.0,-1.0,-1.0,-1.0,-1.0,-1.0,-1.0,-1.0,-1.0,-1.0,-1.0,-1.0,-1.0,-1.0,-1.0,-1.0,-1.0,1.0,-1.0,-1.0,-1.0,-1.0,-1.0,-1.0,-1.0,1.0,-1.0,-1.0,-1.0,-1.0,-1.0,-1.0,-1.0,-1.0,-1.0,-1.0,-1.0,-1.0,-1.0,-1.0,-1.0,-1.0,-1.0,-1.0,1.0,-1.0,-1.0,-1.0,-1.0,-1.0,-1.0,-1.0,-1.0,1.0,-1.0,-1.0,-1.0,-1.0,-1.0,-1.0,-1.0,-1.0,-1.0,-1.0,-1.0,-1.0,-1.0,-1.0,-1.0,-1.0,-1.0,1.0,-1.0,-1.0,-1.0,-1.0,-1.0,-1.0,-1.0,-1.0,-1.0,1.0,-1.0,-1.0,-1.0,-1.0,-1.0,-1.0,-1.0,-1.0,-1.0,-1.0,-1.0,-1.0,-1.0,-1.0,-1.0,-1.0,1.0,-1.0,-1.0,-1.0,-1.0,-1.0,-1.0,-1.0,-1.0,-1.0,-1.0,1.0,-1.0,-1.0,-1.0,-1.0,-1.0,-1.0,-1.0,-1.0,-1.0,-1.0,-1.0,-1.0,-1.0,-1.0,-1.0,1.0,-1.0,-1.0,-1.0,-1.0,-1.0,-1.0,-1.0,-1.0,-1.0,-1.0,-1.0,1.0,-1.0,-1.0,-1.0,-1.0,-1.0,-1.0,-1.0,-1.0,-1.0,-1.0,-1.0,-1.0,-1.0,-1.0,1.0,-1.0,-1.0,-1.0,-1.0,-1.0,-1.0,-1.0,-1.0,-1.0,-1.0,-1.0,-1.0,1.0,-1.0,-1.0,-1.0,-1.0,-1.0,-1.0,-1.0,-1.0,-1.0,-1.0,-1.0,-1.0,-1.0,1.0,-1.0,-1.0,-1.0,-1.0,-1.0,-1.0,-1.0,-1.0,-1.0,-1.0,-1.0,-1.0,-1.0,1.0,-1.0,-1.0,-1.0,-1.0,-1.0,-1.0,-1.0,-1.0,-1.0,-1.0,-1.0,-1.0,1.0,-1.0,-1.0,-1.0,-1.0,-1.0,-1.0,-1.0,-1.0,-1.0,-1.0,-1.0,-1.0,-1.0,-1.0,1.0,-1.0,-1.0,-1.0,-1.0,-1.0,-1.0,-1.0,-1.0,-1.0,-1.0,-1.0,1.0,-1.0,-1.0,-1.0,-1.0,-1.0,-1.0,-1.0,-1.0,-1.0,-1.0,-1.0,-1.0,-1.0,-1.0,-1.0,1.0,-1.0,-1.0,-1.0,-1.0,-1.0,-1.0,1.0,-1.0,-1.0,-1.0,1.0,-1.0,-1.0,-1.0,-1.0,-1.0,-1.0,-1.0,-1.0,-1.0,-1.0,-1.0,-1.0,-1.0,-1.0,-1.0,-1.0,1.0,-1.0,-1.0,-1.0,-1.0,-1.0,1.0,-1.0,-1.0,-1.0,1.0,-1.0,-1.0,-1.0,-1.0,-1.0,-1.0,-1.0,-1.0,-1.0,-1.0,-1.0,-1.0,-1.0,-1.0,-1.0,-1.0,-1.0,1.0,-1.0,-1.0,-1.0,-1.0,1.0,-1.0,-1.0,-1.0,1.0,-1.0,-1.0,-1.0,-1.0,-1.0,-1.0,-1.0,-1.0,-1.0,-1.0,-1.0,-1.0,-1.0,-1.0,-1.0,-1.0,-1.0,-1.0,1.0,-1.0,-1.0,-1.0,1.0,-1.0,-1.0,-1.0,1.0,1.0,1.0,1.0,1.0,1.0,1.0,1.0,1.0,1.0,1.0,1.0,1.0,1.0,1.0,1.0,1.0,1.0,1.0,1.0,1.0,1.0,1.0,1.0,1.0,1.0,1.0,1.0,-1.0,-1.0,-1.0,-1.0,-1.0,-1.0,-1.0,-1.0,-1.0,-1.0,-1.0,-1.0,-1.0,-1.0,-1.0,-1.0,-1.0,-1.0,-1.0,-1.0,1.0,-1.0,1.0,-1.0,-1.0,-1.0,-1.0,-1.0,-1.0,-1.0,-1.0,-1.0,-1.0,-1.0,-1.0,-1.0,-1.0,-1.0,-1.0,-1.0,-1.0,-1.0,-1.0,-1.0,-1.0,-1.0,-1.0,-1.0,1.0,1.0,-1.0,-1.0,-1.0,-1.0,-1.0,-1.0,-1.0,-1.0,-1.0,-1.0,-1.0,-1.0,-1.0,-1.0,-1.0,-1.0,-1.0,-1.0,-1.0,-1.0,-1.0,-1.0,-1.0,-1.0,-1.0,-1.0,1.0,-1.0,-1.0,-1.0,-1.0,-1.0,-1.0,-1.0,-1.0,-1.0,-1.0,-1.0,-1.0,-1.0,-1.0,-1.0,-1.0,-1.0,-1.0,-1.0,-1.0,-1.0,-1.0,-1.0,-1.0,-1.0,-1.0,1.0,1.0,-1.0,-1.0,-1.0,-1.0,-1.0,-1.0,-1.0,-1.0,-1.0,-1.0,-1.0,-1.0,-1.0,-1.0,-1.0,-1.0,-1.0,-1.0,-1.0,-1.0,-1.0,-1.0,-1.0,-1.0,-1.0,1.0,-1.0,1.0,-1.0,-1.0,-1.0,-1.0,-1.0,-1.0,-1.0,-1.0,-1.0,-1.0,-1.0,-1.0,-1.0,-1.0,-1.0,-1.0,-1.0,-1.0,-1.0,-1.0,-1.0,-1.0,-1.0,-1.0,1.0,-1.0,-1.0,1.0,-1.0,-1.0,-1.0,-1.0,-1.0,-1.0,-1.0,-1.0,-1.0,-1.0,-1.0,-1.0,-1.0,-1.0,-1.0,-1.0,-1.0,-1.0,-1.0,-1.0,-1.0,-1.0,-1.0,1.0,-1.0,-1.0,-1.0,1.0,-1.0,-1.0,-1.0,-1.0,-1.0,-1.0,-1.0,-1.0,-1.0,-1.0,-1.0,-1.0,-1.0,-1.0,-1.0,-1.0,-1.0,-1.0,-1.0,-1.0,-1.0,-1.0,1.0,-1.0,-1.0,-1.0,-1.0,1.0,-1.0,-1.0,-1.0,-1.0,-1.0,-1.0,-1.0,-1.0,-1.0,-1.0,-1.0,-1.0,-1.0,-1.0,-1.0,-1.0,-1.0,-1.0,-1.0,-1.0,-1.0,1.0,-1.0,-1.0,-1.0,-1.0,-1.0,1.0,-1.0,-1.0,-1.0,-1.0,-1.0,-1.0,-1.0,-1.0,-1.0,-1.0,-1.0,-1.0,-1.0,-1.0,-1.0,-1.0,-1.0,-1.0,-1.0,-1.0,1.0,-1.0,-1.0,-1.0,-1.0,-1.0,-1.0,1.0,-1.0,-1.0,-1.0,-1.0,-1.0,-1.0,-1.0,-1.0,-1.0,-1.0,-1.0,-1.0,-1.0,-1.0,-1.0,-1.0,-1.0,-1.0,-1.0,1.0,-1.0,-1.0,-1.0,-1.0,-1.0,-1.0,-1.0,1.0,-1.0,-1.0,-1.0,-1.0,-1.0,-1.0,-1.0,-1.0,-1.0,-1.0,-1.0,-1.0,-1.0,-1.0,-1.0,-1.0,-1.0,-1.0,1.0,-1.0,-1.0,-1.0,-1.0,-1.0,-1.0,-1.0,-1.0,1.0,-1.0,-1.0,-1.0,-1.0,-1.0,-1.0,-1.0
error_repair_cleancells,0.0,1.401298464324817e-45,2.802596928649634e-45,1.401298464324817e-45,5.605193857299268e-45,1.1770907100328463e-43,0.0,0.0,0.0,0.0,0.0,0.0,0.0,0.0,5.605193857299268e-45,3.8394691614408727e-13,1.1911036946760945e-43,0.0,0.0,2.0318827732709848e-43,1.263003190817275e-28,0.0,0.0,3.122476093515839e-38,1.226136156284215e-41,0.0,0.0,0.0,1.401298464324817e-45,0.001096127089112997,7.815609569661319e-05,0.0015967692015692592,5.130541467224248e-05,0.00205437233671546,0.00299912691116333,0.002253171056509018,0.00358272111043334,0.003757662372663617,0.0041592977941036224,0.005317145958542824,0.0048218825832009315,0.0036659413017332554,0.013439966365695,0.003665437689051032,0.002869504736736417,0.0020549821201711893,0.001192393945530057,0.0018129542004317045,0.003908716142177582,0.002831720281392336,0.002191078383475542,0.0009045369224622846,0.0007667449535802007,0.00048221327597275376,7.159592314565089e-07,0.0,0.0,0.00021890364587306976,0.00017513043712824583,0.0034986604005098343,0.002484302967786789,0.0037967839743942022,0.0030353127513080835,0.008129443041980267,0.004195824731141329,0.003901832504197955,0.00462206220254302,0.007043682970106602,0.008370211347937584,0.023450573906302452,0.005584848579019308,0.0032705797348171473,0.0036682835780084133,0.0037160066422075033,0.0030453267972916365,0.003598051145672798,0.008241946808993816,0.004792564082890749,0.004087326116859913,0.003338526701554656,0.0012481415178626776,0.00010087280679726973,1.5474900010303827e-06,0.0,0.0,0.00036558855208568275,0.0014503555139526725,0.003968347795307636,0.001791842165403068,0.005750922951847315,0.004412427078932524,0.006341058295220137,0.008138252422213554,0.009389988146722317,0.007365936413407326,0.01047585904598236,0.027811642736196518,0.011041286401450634,0.008868597447872162,0.012860733084380627,0.007657615002244711,0.0062231943011283875,0.005922870710492134,0.0038877034094184637,0.006896351929754019,0.003957461565732956,0.002731357468292117,0.0034621129743754864,0.003695484483614564,0.0017833189340308309,7.475952315871837e-06,1.401298464324817e-45,0.0,0.0009231804870069027,0.0010579621884971857,0.0038555508945137262,0.002431171480566263,0.0056224483996629715,0.004889862146228552,0.009124737232923508,0.008039174601435661,0.006290855351835489,0.01017606258392334,0.02989139035344124,0.018553562462329865,0.013958040624856949,0.014908647164702415,0.006336115766316652,0.007813689298927784,0.008632066659629345,0.007542354054749012,0.003852707799524069,0.008201762102544308,0.009153800085186958,0.003874603658914566,0.0032846922986209393,0.001583813806064427,0.0022017015144228935,0.00010938797640847042,0.0,0.0,0.002225165953859687,0.0046678269281983376,0.00454071955755353,0.003449863288551569,0.008816379122436047,0.007862048223614693,0.007287271786481142,0.010084926150739193,0.015861188992857933,0.04122569411993027,0.015318319201469421,0.01862613670527935,0.015503738075494766,0.011162539944052696,0.010471662506461143,0.01881711371243,0.010817724280059338,0.01160289067775011,0.007667982950806618,0.00517936609685421,0.003544348757714033,0.004058622755110264,0.002508318517357111,0.0028833248652517796,0.00037375057581812143,0.0002441550022922456,8.407790785948902e-45,0.0,0.0009555733995512128,0.006448054686188698,0.004092107992619276,0.005652580410242081,0.006249553989619017,0.006903165020048618,0.007268033921718597,0.008493215776979923,0.0277099609375,0.018376745283603668,0.013433724641799927,0.01876903884112835,0.02084202505648136,0.017590966075658798,0.011685100384056568,0.011922779493033886,0.018546119332313538,0.013804962858557701,0.0054845078848302364,0.007375509012490511,0.009505463764071465,0.005643267650157213,0.004905971698462963,0.004477299749851227,0.0010767618659883738,0.002611301140859723,0.0,2.802596928649634e-45,0.0011777722975239158,0.007350869011133909,0.0036537544801831245,0.007708616089075804,0.005824776366353035,0.005682232324033976,0.007523221895098686,0.022344717755913734,0.009471447207033634,0.01404372975230217,0.015665201470255852,0.01620745100080967,0.014018972404301167,0.015499641187489033,0.008098678663372993,0.011434171348810196,0.017708612605929375,0.012245588935911655,0.00965183787047863,0.00594784040004015,0.004755432717502117,0.0031926012597978115,0.006899283267557621,0.003226550994440913,0.0017051029717549682,0.001296580070629716,2.802596928649634e-45,0.0,0.0030464688315987587,0.004917379468679428,0.005500028841197491,0.009214729070663452,0.007362088654190302,0.00743469875305891,0.02547512762248516,0.011642958037555218,0.015033623203635216,0.015099490992724895,0.016156364232301712,0.020501689985394478,0.01982325315475464,0.018744001165032387,0.010997377336025238,0.011367708444595337,0.009253711439669132,0.017049942165613174,0.011941103264689445,0.011573205702006817,0.005645052995532751,0.00911034271121025,0.006911762058734894,0.003301122458651662,0.0028744549490511417,0.0019975793547928333,0.0,1.401298464324817e-45,0.0015454142121598125,0.005260686855763197,0.006620840169489384,0.007225127425044775,0.00785799976438284,0.020225150510668755,0.011141163296997547,0.015264172106981277,0.013368537649512291,0.015597979538142681,0.017899539321660995,0.020451899617910385,0.015391577035188675,0.02513139322400093,0.016392365097999573,0.015360069461166859,0.01344650611281395,0.010491538792848587,0.011283237487077713,0.01342617068439722,0.011199119500815868,0.009513547644019127,0.007041390519589186,0.00710228132084012,0.00278648198582232,0.0014006156707182527,0.0,1.8216880036222622e-44,0.0014074426144361496,0.0052247606217861176,0.004121583886444569,0.007515257224440575,0.022261157631874084,0.007934157736599445,0.009745271876454353,0.01454866211861372,0.010217098519206047,0.013901046477258205,0.016147367656230927,0.02102724462747574,0.018964679911732674,0.012628131546080112,0.018048912286758423,0.017262347042560577,0.017426304519176483,0.014702236279845238,0.010248861275613308,0.011767876334488392,0.010916264727711678,0.007413104176521301,0.009258156642317772,0.009934952482581139,0.004783793352544308,0.001393279293552041,0.0,2.802596928649634e-44,0.0013606069842353463,0.0028654139023274183,0.004287735093384981,0.02407771721482277,0.005652081221342087,0.004999926779419184,0.0113366125151515,0.012665346264839172,0.012133672833442688,0.009361114352941513,0.013080282136797905,0.023074783384799957,0.018450524657964706,0.01948835700750351,0.02180621027946472,0.014358364045619965,0.011628339998424053,0.018829932436347008,0.0105419447645545,0.010729849338531494,0.012022926472127438,0.010502389632165432,0.008593067526817322,0.01248322706669569,0.009057339280843735,0.0014225064078345895,1.9600199935299045e-11,0.0,0.002367657143622637,0.0033492199145257473,0.02204459346830845,0.0034565702080726624,0.003483247710391879,0.0038237448316067457,0.011197761632502079,0.0087819155305624,0.011161617003381252,0.007222513202577829,0.012142951600253582,0.014751782640814781,0.015063077211380005,0.013618376106023788,0.012581981718540192,0.019776323810219765,0.014651036821305752,0.012630992569029331,0.016620265319943428,0.015024000778794289,0.011071370914578438,0.011849368922412395,0.007173634599894285,0.01017162948846817,0.008124553598463535,0.0036767018027603626,0.0,2.802596928649634e-45,0.001389714889228344,0.010792648419737816,0.008670131675899029,0.005366948898881674,0.004109140485525131,0.005819790996611118,0.012552324682474136,0.010964062064886093,0.015676409006118774,0.012876765802502632,0.010954262688755989,0.012978448532521725,0.019464340060949326,0.011102424003183842,0.01102514285594225,0.008842176757752895,0.012727731838822365,0.016928255558013916,0.01293154712766409,0.014310497790575027,0.009283892810344696,0.011743896640837193,0.010475331917405128,0.009696905501186848,0.011093143373727798,0.0038333905395120382,0.0,7.006492321624085e-45,0.021148910745978355,0.00535311596468091,0.009565583430230618,0.004380171652883291,0.005056669004261494,0.008346819318830967,0.012233308516442776,0.015324365347623825,0.0107770636677742,0.009256182238459587,0.00863104872405529,0.013074682094156742,0.01647980697453022,0.009245626628398895,0.00923540536314249,0.011571517214179039,0.01315558422356844,0.01551512349396944,0.015639321878552437,0.016036953777074814,0.011914527975022793,0.010148173198103905,0.00932066235691309,0.01977667026221752,0.008176052942872047,0.004555321764200926,0.0,5.5587157099523665e-09,0.009670967236161232,0.005572844762355089,0.009856234304606915,0.008081448264420033,0.011998744681477547,0.008218715898692608,0.016641106456518173,0.01201706938445568,0.010699478909373283,0.009592639282345772,0.01640326716005802,0.0256065521389246,0.028154410421848297,0.0191017035394907,0.014306940138339996,0.014398082159459591,0.01708959974348545,0.014921868219971657,0.014603209681808949,0.01529628224670887,0.013625547289848328,0.0165894515812397,0.02434913069009781,0.013250417076051235,0.008759825490415096,0.0067272610031068325,2.073090641209821e-13,0.0,0.0050761522725224495,0.0031938781030476093,0.008197562769055367,0.004733656533062458,0.00903460755944252,0.010455137118697166,0.015117588452994823,0.008266245014965534,0.007903477177023888,0.006485390476882458,0.014755058102309704,0.012334092520177364,0.01615469716489315,0.010407631285488605,0.009488197043538094,0.017225880175828934,0.015088476240634918,0.011348509229719639,0.0148379597812891,0.013300630263984203,0.004796179477125406,0.017071370035409927,0.009139330126345158,0.006557874381542206,0.004353013355284929,0.0015553379198536277,0.0,0.0,0.005119721405208111,0.004006309434771538,0.007692711893469095,0.003893341636285186,0.004600138869136572,0.006583996582776308,0.012548509985208511,0.007400879170745611,0.007596961688250303,0.006720821838825941,0.012404399923980236,0.011587652377784252,0.014530138112604618,0.010434801690280437,0.011551756411790848,0.018293851986527443,0.012957746163010597,0.01546210516244173,0.013178260996937752,0.01396495196968317,0.010477867908775806,0.008594289422035217,0.007588433101773262,0.005384141579270363,0.002375104697421193,0.0009409415652044117,0.0,0.0,0.005155051127076149,0.002341031562536955,0.005434274207800627,0.006356946192681789,0.006500561721622944,0.009171703830361366,0.012925761751830578,0.0075415438041090965,0.00898414384573698,0.009296653792262077,0.010347734205424786,0.011933843605220318,0.013076798990368843,0.014634605497121811,0.018499381840229034,0.019571060314774513,0.009910216554999352,0.015599263831973076,0.013300507329404354,0.01365804485976696,0.01204601675271988,0.006235765293240547,0.006657966412603855,0.004206904675811529,0.002256449544802308,0.0010671851923689246,0.0,0.0,0.004129236564040184,0.0025485700462013483,0.004980487748980522,0.004968632478266954,0.006220769137144089,0.008745810016989708,0.014151016250252724,0.005827781744301319,0.00980674009770155,0.010696460492908955,0.009660142473876476,0.011903446167707443,0.012196858413517475,0.013356008566915989,0.01727788709104061,0.009768842719495296,0.011598367244005203,0.008786064572632313,0.014635899104177952,0.009597629308700562,0.011230867356061935,0.008048675954341888,0.003929026424884796,0.003621767507866025,0.002393941394984722,0.0011147849727422,0.0,0.0,0.0004448112449608743,0.00476499181240797,0.00610318360850215,0.007183090317994356,0.008223338052630424,0.008570156060159206,0.011343938298523426,0.007728278171271086,0.005315273068845272,0.008260593749582767,0.01090120431035757,0.01084049977362156,0.012919954024255276,0.017720159143209457,0.01739613339304924,0.013549688272178173,0.014616995118558407,0.014392401091754436,0.015261169523000717,0.008504711091518402,0.006494999397546053,0.004564695991575718,0.004493813030421734,0.0026948729064315557,0.00165705441031605,0.0016141681699082255,0.0,0.0,0.0017085358267650008,0.004341221880167723,0.003939668647944927,0.0020225013140589,0.0067530106753110886,0.00704750744625926,0.009074639528989792,0.00762277701869607,0.007114564999938011,0.009377619251608849,0.012148966081440449,0.015555274672806263,0.010926533490419388,0.011754574254155159,0.013894632458686829,0.01989019475877285,0.00904268492013216,0.00918728020042181,0.01074359379708767,0.011589371599256992,0.009116392582654953,0.005355931352823973,0.002998270094394684,0.0027349123265594244,0.0042971400544047356,0.0007668681209906936,7.006492321624085e-45,0.0,0.0008230478269979358,0.0025662712287157774,0.004635024815797806,0.003565950784832239,0.006474972702562809,0.006555137690156698,0.006569820921868086,0.005698368884623051,0.006858966313302517,0.009384586475789547,0.0075188265182077885,0.012012745253741741,0.008951729163527489,0.009649556130170822,0.016996219754219055,0.013403225690126419,0.009349189698696136,0.006336177699267864,0.004085958935320377,0.008625219576060772,0.0058073424734175205,0.004566734656691551,0.0026949034072458744,0.004148435778915882,0.0028815297409892082,0.001672254060395062,8.603972570954377e-43,2.382207389352189e-44,0.0007267312030307949,0.002251386409625411,0.002615016885101795,0.0013441989431157708,0.003072887659072876,0.006668244954198599,0.0057778991758823395,0.005023769102990627,0.00539421197026968,0.00895670522004366,0.010459167882800102,0.010114344768226147,0.009048349224030972,0.013112314976751804,0.00985790602862835,0.009533376432955265,0.013192618265748024,0.007139914203435183,0.0034504395443946123,0.006077221594750881,0.00547473831102252,0.0058045946061611176,0.0015374231152236462,0.0015503389295190573,0.0027022461872547865,0.0004639447433874011,2.802596928649634e-44,0.0,0.0009742449619807303,0.0007885662489570677,0.0013339266879484057,0.0021478270646184683,0.0024720137007534504,0.003152493853121996,0.00529701029881835,0.003967317286878824,0.006110944785177708,0.006921702530235052,0.006843355018645525,0.008074757643043995,0.006070426199585199,0.00855033565312624,0.008416136726737022,0.006443758029490709,0.002816773485392332,0.00451851449906826,0.008036615327000618,0.004612260963767767,0.0035050984006375074,0.0034016738645732403,0.0007220573606900871,0.0004949202411808074,0.0008154911920428276,0.00039564233156852424,0.0,0.0,0.0005014737253077328,0.0005261197802610695,0.0014036132488399744,0.0012283293763175607,0.0016864532371982932,0.0032611528877168894,0.004602488595992327,0.003024327801540494,0.003997031133621931,0.007204365450888872,0.006788649596273899,0.00787440501153469,0.009796572849154472,0.0078022899106144905,0.009954718872904778,0.0030834260396659374,0.001040415489114821,0.001773185096681118,0.001987684750929475,0.007246303837746382,0.0016162953106686473,0.0025989345740526915,0.0010167763102799654,0.0005689951940439641,0.00108750828076154,0.0008571982616558671,0.0,0.0,0.0008481795084662735,0.00043360673589631915,0.0003608581318985671,0.00024361800751648843,0.0003941452596336603,0.0007300273864530027,0.0007417391170747578,0.0008632645476609468,0.0023441696539521217,0.005456555634737015,0.0026272989343851805,0.0050263786688447,0.0024025836028158665,0.0015655995812267065,0.002825748408213258,0.0011097193928435445,0.0014902595430612564,0.0006747555453330278,0.0011280047474429011,0.00276836846023798,0.0014867292484268546,0.0013353069080039859,0.000788289587944746,0.0006611598073504865,0.0016688363393768668,0.00045201595639809966,0.0,0.0,0.0,0.0,0.0,0.0,0.0,1.401298464324817e-45,0.0,2.382207389352189e-44,0.0,0.0,1.871525157071119e-11,0.0,0.0,0.0,0.0,5.605193857299268e-45,0.0,0.0,0.0,1.6033500639154873e-27,0.0,0.0,0.0,0.0,0.0,0.0,4.675446339204395e-40
error_repair_cleancells_dirtypoints,0.0,2.802596928649634e-45,7.006492321624085e-45,4.203895392974451e-45,5.605193857299268e-45,3.2510124372335756e-43,0.0,0.0,0.0,0.0,0.0,0.0,0.0,0.0,1.401298464324817e-44,1.8017484477040463e-13,9.10844001811131e-44,0.0,0.0,1.0789998175301091e-43,2.7271493013201375e-29,0.0,0.0,3.6206144360288035e-38,2.2360519595231106e-41,0.0,0.0,0.0,4.203895392974451e-45,6.849147212051321e-06,8.086313755484298e-05,0.0027645961381495,2.681481964827981e-05,0.001076355460099876,0.005586321000009775,0.004545913077890873,0.005587370600551367,0.004059350583702326,0.007750398013740778,0.009886762127280235,0.007556693162769079,0.006659712642431259,0.016656333580613136,0.007390993647277355,0.004170948173850775,0.0015407074242830276,0.002757791895419359,0.004100454039871693,0.004388374742120504,0.006390639580786228,0.0059761046431958675,0.002599324332550168,0.0022035883739590645,0.0013188538141548634,2.197336449350374e-14,0.0,0.0,0.0005598079296760261,0.00037954823346808553,0.005078737158328295,0.0048494236543774605,0.0062687876634299755,0.0059180655516684055,0.014609918929636478,0.008083755150437355,0.006453864276409149,0.006491815205663443,0.010611386969685555,0.012094478122889996,0.03229432553052902,0.009123456664383411,0.004144627600908279,0.007586676627397537,0.006482384167611599,0.0064908419735729694,0.005679520778357983,0.011887152679264545,0.00797179713845253,0.006868056487292051,0.007307831663638353,0.001572384382598102,2.676031544979196e-05,5.443825390472057e-10,0.0,0.0,0.0008534443331882358,0.004154847003519535,0.007805815432220697,0.0047925920225679874,0.0042149159125983715,0.008746468462049961,0.008151743561029434,0.015359841287136078,0.016962653025984764,0.01154395006597042,0.01908200979232788,0.025350060313940048,0.016877511516213417,0.009538804180920124,0.01973327249288559,0.011198452673852444,0.006048604846000671,0.0066059660166502,0.007889993488788605,0.0127566521987319,0.007028074935078621,0.006287955213338137,0.00829856377094984,0.010242078453302383,0.004244588315486908,1.811806760088075e-05,1.401298464324817e-45,0.0,0.0025179877411574125,0.0028998181223869324,0.009357607923448086,0.0062755560502409935,0.008108197711408138,0.008611243218183517,0.01647382415831089,0.015534097328782082,0.008914655074477196,0.018229147419333458,0.03504517674446106,0.023416174575686455,0.022451763972640038,0.020562712103128433,0.01345333456993103,0.015303621999919415,0.012678826227784157,0.011798529885709286,0.006464372854679823,0.011109410785138607,0.005199836101382971,0.008284468203783035,0.00729283457621932,0.004306982271373272,0.004442255478352308,0.00031422171741724014,0.0,0.0,0.005682494957000017,0.009752280078828335,0.010593784973025322,0.004675535950809717,0.012174620293080807,0.013749184086918831,0.014059076085686684,0.015751900151371956,0.025350909680128098,0.047891248017549515,0.02516317553818226,0.024715017527341843,0.03189238905906677,0.01830451376736164,0.017119593918323517,0.033820122480392456,0.01576494611799717,0.021384553983807564,0.015532391145825386,0.01569475419819355,0.00570574589073658,0.008888945914804935,0.006500135641545057,0.0050313882529735565,0.0009793037315830588,0.00015061727026477456,1.401298464324817e-44,0.0,0.0020584368612617254,0.013610503636300564,0.010555500164628029,0.007886613719165325,0.012327156960964203,0.017313767224550247,0.013012882322072983,0.01520753838121891,0.039932917803525925,0.03247479349374771,0.023509835824370384,0.03242279961705208,0.04033038765192032,0.034279972314834595,0.02386504039168358,0.027265997603535652,0.03845011442899704,0.02466750517487526,0.012224444188177586,0.00787022802978754,0.019060872495174408,0.012158029712736607,0.009414310567080975,0.010853898711502552,0.0029030414298176765,0.0017942809499800205,0.0,2.802596928649634e-45,0.0029265533667057753,0.010715838521718979,0.008243579417467117,0.015702668577432632,0.013455616310238838,0.014663614332675934,0.012555492110550404,0.02944149263203144,0.0194964949041605,0.021330973133444786,0.03227902576327324,0.03264725208282471,0.033639680594205856,0.029369087889790535,0.018353035673499107,0.02630031108856201,0.03719251975417137,0.02285562828183174,0.021235913038253784,0.013867559842765331,0.010785486549139023,0.005936163477599621,0.01662464067339897,0.007981113158166409,0.0038626594468951225,0.0029893736355006695,8.407790785948902e-45,0.0,0.006831825245171785,0.00727829011157155,0.010860433802008629,0.018955420702695847,0.016497008502483368,0.018977878615260124,0.029207659885287285,0.02305644191801548,0.02667422778904438,0.02315501496195793,0.0254950150847435,0.038913141936063766,0.04317230358719826,0.03381633013486862,0.023023631423711777,0.026307452470064163,0.018343769013881683,0.03666248172521591,0.02634870447218418,0.02903323620557785,0.011812134645879269,0.021050579845905304,0.015620198100805283,0.005830446723848581,0.00679222634062171,0.005278571043163538,0.0,5.605193857299268e-45,0.0030747796408832073,0.008830600418150425,0.012845371849834919,0.012368458323180676,0.012362075969576836,0.026133142411708832,0.01712748408317566,0.017798975110054016,0.017839759588241577,0.02238946035504341,0.03022932820022106,0.036829762160778046,0.028372881934046745,0.040401287376880646,0.032557010650634766,0.029659021645784378,0.025819536298513412,0.023480292409658432,0.026069913059473038,0.035972900688648224,0.02484234608709812,0.017338361591100693,0.017475495114922523,0.017946982756257057,0.006275993771851063,0.0024103419855237007,0.0,1.2611686178923354e-44,0.002936914097517729,0.006753584370017052,0.008581931702792645,0.015090879052877426,0.022960728034377098,0.013253714889287949,0.013318260200321674,0.016795996576547623,0.013819553889334202,0.02401801384985447,0.031074324622750282,0.03580673784017563,0.025605570524930954,0.02092430181801319,0.031304534524679184,0.030861956998705864,0.03510570898652077,0.028373969718813896,0.024302169680595398,0.02248222567141056,0.024807555601000786,0.014951882883906364,0.022893676534295082,0.023617509752511978,0.012048305943608284,0.0023226917255669832,1.401298464324817e-45,4.484155085839415e-44,0.0017205162439495325,0.0034712799824774265,0.00821616780012846,0.03551994636654854,0.009799855761229992,0.009603943675756454,0.01338515430688858,0.016226032748818398,0.016673430800437927,0.018429391086101532,0.026639476418495178,0.0396159328520298,0.02968806028366089,0.028523588553071022,0.03112434223294258,0.02514149621129036,0.021831464022397995,0.0285225547850132,0.022030059248209,0.02090841718018055,0.023723330348730087,0.02444714494049549,0.01928507164120674,0.030979707837104797,0.020520012825727463,0.0016302983276546001,8.561946182421287e-13,1.401298464324817e-45,0.005708091892302036,0.008665163069963455,0.03851397708058357,0.009142952039837837,0.00876425951719284,0.0072285509668290615,0.010868371464312077,0.006618270184844732,0.014551831409335136,0.013492079451680183,0.021181005984544754,0.024735331535339355,0.018711406737565994,0.024088673293590546,0.018265364691615105,0.032865971326828,0.024068091064691544,0.02211119793355465,0.02152853272855282,0.02485039457678795,0.024682961404323578,0.028043942525982857,0.015970051288604736,0.020599961280822754,0.01751828007400036,0.005948458332568407,0.0,5.605193857299268e-45,0.0034844146575778723,0.020282385870814323,0.015028983354568481,0.013768143020570278,0.010791820473968983,0.010786112397909164,0.012803580611944199,0.014913014136254787,0.0199529230594635,0.020715385675430298,0.020340753719210625,0.02078147791326046,0.019994379952549934,0.019831538200378418,0.01772669516503811,0.016904352232813835,0.02142368070781231,0.02071881853044033,0.013248275965452194,0.01379441563040018,0.013787618838250637,0.021254554390907288,0.019276348873972893,0.021129049360752106,0.02389572560787201,0.007520838640630245,0.0,1.961817850054744e-44,0.02260531857609749,0.010506875813007355,0.018371937796473503,0.009452828206121922,0.011317434720695019,0.0110763655975461,0.009635984897613525,0.013499644584953785,0.015558462589979172,0.016102619469165802,0.016637882217764854,0.01910034567117691,0.014676069840788841,0.01044569443911314,0.01586291752755642,0.02026302181184292,0.019872093573212624,0.021405650302767754,0.021287286654114723,0.020329222083091736,0.017426447942852974,0.016470128670334816,0.016917677596211433,0.038164347410202026,0.01682678796350956,0.009324049577116966,0.0,2.381969510523163e-09,0.013119380921125412,0.010324837639927864,0.020867489278316498,0.015014026314020157,0.0187568087130785,0.009495672769844532,0.017765294760465622,0.02028876170516014,0.01846376806497574,0.018350860103964806,0.021476468071341515,0.0341087281703949,0.02489454485476017,0.02037387154996395,0.020200436934828758,0.019677510485053062,0.02425854653120041,0.023036956787109375,0.015077577903866768,0.015636594966053963,0.023388752713799477,0.030476637184619904,0.05635152757167816,0.030183710157871246,0.01897895336151123,0.01051323488354683,3.4028652918599795e-15,0.0,0.006062731612473726,0.005804733838886023,0.017669236287474632,0.007093885447829962,0.01902897097170353,0.014856497757136822,0.018899038434028625,0.011903916485607624,0.01571357436478138,0.011976622976362705,0.02101575769484043,0.017621247097849846,0.014806157909333706,0.013649341650307178,0.015438645146787167,0.02183764986693859,0.019393038004636765,0.016729334369301796,0.021096058189868927,0.023644905537366867,0.01069905236363411,0.030098095536231995,0.012076634913682938,0.015111926943063736,0.009144488722085953,0.003835525829344988,0.0,0.0,0.007050816435366869,0.006269855424761772,0.01200963743031025,0.010089727118611336,0.011279177851974964,0.010237370617687702,0.019446834921836853,0.009316767565906048,0.013728000223636627,0.011358925141394138,0.019751153886318207,0.016188908368349075,0.01739536039531231,0.01371914055198431,0.015323075465857983,0.0243807565420866,0.016720475628972054,0.01465713232755661,0.016308678314089775,0.017032237723469734,0.02073376439511776,0.01050802692770958,0.012068059295415878,0.012097474187612534,0.0065100002102553844,0.00227388646453619,0.0,0.0,0.008089748211205006,0.0049629295244812965,0.00936071015894413,0.013490520417690277,0.012301744893193245,0.012471497058868408,0.019814543426036835,0.013291453011333942,0.015585256740450859,0.01639002561569214,0.013614151626825333,0.016230272129178047,0.016354553401470184,0.016438858583569527,0.02325311116874218,0.020186634734272957,0.010842664167284966,0.019622137770056725,0.01407676748931408,0.017690544947981834,0.016713004559278488,0.012261145748198032,0.014490339905023575,0.010390588082373142,0.005403128918260336,0.002842528047040105,0.0,0.0,0.007615797687321901,0.0067365351133048534,0.01106526330113411,0.010509602725505829,0.013563545420765877,0.014004386961460114,0.023993302136659622,0.00882717315107584,0.014688631519675255,0.012693344615399837,0.017647966742515564,0.015144911594688892,0.011967629194259644,0.017740176990628242,0.02128215692937374,0.010924341157078743,0.0152220968157053,0.011820756830275059,0.016354531049728394,0.01621660776436329,0.017069917172193527,0.015018611215054989,0.009203623980283737,0.010126843117177486,0.006808261852711439,0.0030491999350488186,0.0,0.0,0.0011326136300340295,0.010144246742129326,0.011447473429143429,0.012105124071240425,0.01854601316154003,0.017449483275413513,0.02391958050429821,0.01566489227116108,0.010138768702745438,0.011816478334367275,0.01708413101732731,0.013394954614341259,0.013400140218436718,0.015561836771667004,0.020084913820028305,0.018627086654305458,0.01723780296742916,0.01736370287835598,0.017765771597623825,0.01892416924238205,0.0160016268491745,0.0112676452845335,0.010799579322338104,0.00727788545191288,0.0047075338661670685,0.0041725970804691315,0.0,0.0,0.0043882946483790874,0.00772722065448761,0.008696993812918663,0.003956479020416737,0.015460253693163395,0.014250341802835464,0.018955020233988762,0.01334330253303051,0.011808864772319794,0.013029403053224087,0.019967732951045036,0.022791801020503044,0.01845829002559185,0.015471575781702995,0.014531155116856098,0.0207086019217968,0.013152468018233776,0.012449005618691444,0.018353378400206566,0.017519928514957428,0.01930099166929722,0.011857171542942524,0.007342810742557049,0.00712975487112999,0.008190153166651726,0.0011321898782625794,1.961817850054744e-44,0.0,0.002350780414417386,0.006387705914676189,0.01013589184731245,0.008001995272934437,0.014495114795863628,0.012003238312900066,0.012284054420888424,0.010088801383972168,0.008504919707775116,0.012720047496259212,0.01188910286873579,0.01951100490987301,0.014213823713362217,0.011813309974968433,0.017188282683491707,0.016857227310538292,0.01280622836202383,0.008964736014604568,0.00843166746199131,0.014668394811451435,0.011561506427824497,0.009656000882387161,0.00468989135697484,0.008979774080216885,0.00518661318346858,0.003643769770860672,1.2121231716409668e-42,6.58610278232664e-44,0.002017071470618248,0.006035310216248035,0.006622651591897011,0.0036044467706233263,0.008298017084598541,0.009150896221399307,0.009066062979400158,0.009919692762196064,0.009788753464818,0.014941406436264515,0.019490424543619156,0.016452835872769356,0.017162542790174484,0.01315698679536581,0.014242962934076786,0.014926459640264511,0.019295265898108482,0.009995691478252411,0.006956949830055237,0.010974820703268051,0.010364792309701443,0.01230094488710165,0.0036292027216404676,0.0026517424266785383,0.002848419826477766,0.0008771977154538035,7.847271400218976e-44,0.0,0.0022712056525051594,0.0021560408640652895,0.003646629862487316,0.00611066771671176,0.005961609538644552,0.006350668612867594,0.011841212399303913,0.00908731110394001,0.011232668533921242,0.011988205835223198,0.01487515028566122,0.016117079183459282,0.012715902179479599,0.019163120537996292,0.00985929649323225,0.009857365861535072,0.006298391614109278,0.009386543184518814,0.011362321674823761,0.006387879140675068,0.005667962599545717,0.006225905381143093,0.001677142921835184,0.0010732917580753565,0.00043883969192393124,0.0009740351815707982,1.401298464324817e-45,0.0,0.0011100094998255372,0.000833435682579875,0.003584850113838911,0.0033894935622811317,0.00453107338398695,0.007098654750734568,0.008769774809479713,0.006890545599162579,0.005135354585945606,0.013191777281463146,0.013764025643467903,0.0138919148594141,0.018776198849081993,0.011897272430360317,0.012056379579007626,0.005742562003433704,0.0013270580675452948,0.002998287556692958,0.004457165952771902,0.007073563989251852,0.003181220730766654,0.005121407099068165,0.0015600986080244184,0.0010888419346883893,0.0015043964376673102,0.000573274097405374,0.0,0.0,0.001137968385592103,0.000534058315679431,0.0007292951922863722,0.0004905504174530506,0.0009479067521169782,0.0003266021376475692,0.0010993235046043992,0.0018624882213771343,0.001232263632118702,0.007464236579835415,0.00375732290558517,0.008562366478145123,0.005619175732135773,0.002266657305881381,0.0020566568709909916,0.0030469654593616724,0.003985068295150995,0.0018221703357994556,0.001545729348435998,0.003910171799361706,0.0024103138130158186,0.002950041787698865,0.0019405835773795843,0.001247373758815229,0.002957557328045368,0.0011815655743703246,0.0,0.0,0.0,0.0,0.0,0.0,0.0,1.401298464324817e-45,0.0,5.465064010866787e-44,0.0,0.0,1.0326346982364454e-12,0.0,1.401298464324817e-45,0.0,0.0,1.5414283107572988e-44,0.0,0.0,0.0,8.102701202618036e-28,0.0,0.0,0.0,0.0,0.0,0.0,1.2703555306244489e-39
